163216321632163216321632575857585758575857585758323232323232323232323232531253125312531253125312551355135513551355135513509350935093509350935093776177617761776177617761899089908990899089908990
321632163216321632163216575857585758575857585758323232323232323232323232539393939393939393939312551355135593931355135513935093509350935093509350617761776177617761776177908990899089908990899089
163216329393939316321632575893939393939393935758323293323293933232933232539393939393939393939312551393939393939393935513509350935093509350935093776177617761776177617761899089908990899089908990
321632939393939393163216575893939393939393935758323232323293933232323232539393939393939393939312551393939393939393935513935093509350935093509350617761776177617761776177908990899089908990899089
163293939393939393931632575893935857585793935758323293939393939393933232531253125312531253125312551393939393939393935513509350935093509350935093776177617761776177617761899089908990899089908990
321693939393939393933216575893935893935793939393939393939393939393939393939393129393939353939393939393939393939393939393939393939393939393939393939393939393939393939393939393939393938990899089
163293939393939393931632575893935893935793939393939393939393939393939393939393129393939353939393939393939393939393939393939393939393939393939393939393939393939393939393939393939393939089908990
321693939393939393933216575893935857585793935758323293939393939393933232531253129393939353125312551393939393939393935513935093509350935093509350617761776193937761776177908990899093938990899089
163216939393939393321632575893939393939393935758323232323293933232323232531293129393939353935312551393939393939393935513509350935093509350935093776177617793936177617761899089908993939089908990
321632169393939332163216575893939393939393935758323293323293933232933232539353129393939353129312551393939393939393935513935093509350935093509350617761776193937761776177908990899093938990899089
163216321693933216321632575857585793935857585758323232323232323232323232539393125393931253939312551355135593931355135513509350935093509350935093776177617793936177617761899089908993939089908990
321632163293931632163216575857585793935857585758323232323232323232323232531253125393931253125312551355135513551355135513935093509350935093509350617761776193937761776177908990899093938990899089
331733173393931733173317565656565693935656565656878787878787878787878787828382838293939382838283452945294529452945294529815081508150815081508150605960596093935960596059919291929193939291929192
173317331793933317331733565656565693935656565656878787878793939393878787839393938393939383828382299393939393939393939345508150815081508150815081596059609393939359605960929192919293939192919291
331733179393939333173317565656565693935656565656878787879393939393938787829393938293939393938283459393939393939393939329815081508150815081508150605960939393939393596059919291929193939391929192
173317939393939393331733565656565693935656565656878787878793939393878787839393938393939393938382299393452993939345939345508150815081508150815081596059609393939359605960929193939393939392919291
331793939393939393933317565656569393939356565656878787878787939387878787828382838283828393938283459393294593939329939329939393939393939393508150605960596093935960596059919293939393939391929192
173393939393939393931733565693939393939393939393939393939387939393939393939393938393938293939393939393939393939345939393939393939393939393815081599393609393939359939360929192919393939392919291
331793939393939393933317565693939393939393939393939393939387939393939393939393938293938393939393939393939393939329939393939393939393939393508150605993599393939360936059919291929393939391929192
173393939393939393931733565693939393939356565656878787939387878787878787838293938382838283828382299393452993939345939345508150815093938150815081596059605960596059935960929192919393939393939291
331733939393939393173317565693939393939356565656878793939393939393939387828393939393938393939383459393939393939393939329815081508193935081508150605993939393939360936059919291929393939393939392
173317339393939317331733565693939393935656565656879393939393939393939387838293939393938293939382299393939393939393939345509393815093938150815081596093939393939359935960929192919393939192919291
331733173393931733173317565656565693935656565656878793939393939393939387828382838293938393939383452945294529452945294529819393939393935081508150605960596059605960596059919291929193939291929192
173317331793933317331733565656565693935656565656878787878787878787878787838283828393938283828382294529452945294529452945509393939393938150815081596059605960596059605960929192919293939192919291
183418341893933418341834545454545493935454545454515151515151515151515151858485848593938485848584525252525252525252525252528052805293938052805280757675767576757675767576737473747393937473747374
341834183493931834183418549393939393939393939354515193939393939351939351848584858493938584858485525252525252525252525252805280528093935280528052769393939393939393939375747374737493937374737473
183418939393939393341834549393939393939393939354515193515151935151935151858485848593938485848584525252525252525252525252529393939393939393939380759393939393939393939376737473747393937473747374
341893939393939393933418549393939393939393939354515193519393939393939351848593939393939393938485525252939393939393525252809393939393939393939352769393939393937593939375747374737493937374737473
189393939393939393939334549393939393939393939354515193515151519351515151858493939393939393938584525252939393939393525252529393805293938052939380759393937576757693939376737473747393937473747374
349393939393939393939318549393939393939393939354519393939393939393939393939393938493938593939393939393939352529393525252809393528093935280939352769393937693939393939393939393939393937374737473
189393939393939393939334549393939393939393939354519393939393939393939393939393938593938493939393939393939352529393525252529393805293938052939380759393937593939393939393939393939393937473747374
349393939393939393939318549393939393939393939354515151519351515193515151848584858493938584858485525252939393939393525252809393528093935280939352769393937693937576757675747374737493937374737473
183493939393939393931834549393939393939393939354519393939351939393519351859393939393939393939384525252939393939393525252529393939393939393939380757675767593937675767576737473747393937473747374
341834939393939393183418549393939393939393939354515193515151935151519351849393939393939393939385525252525252525252525252809393939393939393939352769393939393937576757675747374737493937374737473
183418341893933418341834549393939393939393939354519393939393939393939351859393939393939393939384525252525252525252525252528052805293938052805280759393939393937675767576737473747393937473747374
341834183493931834183418545454545493935454545454515151515151515151515151848584858485848584858485525252525252525252525252805280528093935280528052767576757675767576757675747374737493937374737473
351935193593931935193519203620362093933620362036284428442844284428442844264226422642264226422642432743274327432743274327233923392393933923392339382238223822382238223822617761776193937761776177
193519351993933519351935362036203693932036203620442844284428442844284428422642264226422642264226274327432743274327432743392339233993932339233923223822382238223822382238776177617793936177617761
351935199393939335193519203620939393939393362036284428939393939393442844264226939393939393422642432743939393939393274327233923392393933923392339382238223822382238223822617761776193937761776177
193519939393939393351935362093939393939393933620442893939393939393934428422693939393939393934226274393939393939393932743392339239393939339233923223822382238223822382238776177617793936177617761
351935939393939393193519203693939393939393932036284493939393939393932844264293939393939393932642432793939393939393934327233923399393939323392339389393939393939338223822617761776193937761776177
193519939393939393939393939393939393939393939393939393939393939393939393939393939393939393939393939393939393939393939393939393939393939393939393939393939393939393939393939393939393936177617761
351935939393939393939393939393939393939393939393939393939393939393939393939393939393939393939393939393939393939393939393939393939393939393939393939393939393939393939393939393939393937761776177
193519939393939393351935362093939393939393933620442893939393939393934428422693939393939393934226274393939393939393932743392339239393939339233923229393939393939322382238776177617761776177617761
351935939393939393193519203693939393939393932036284493939393939393932844264293939393939393932642432793939393939393934327233923392339233923392339382238223893932238223822617761776177617761776177
193519359393939319351935362036939393939393203620442844939393939393284428422642939393939393264226274327939393939393432743392339233923392339233923223822382293933822382238776177617761776177617761
351935193593931935193519203620362036203620362036284428442844284428442844264226422642264226422642432743274393932743274327233923392339233923392339382238223893932238223822617761776177617761776177
193519351993933519351935362036203620362036203620442844284428442844284428422642264226422642264226274327432793934327432743392339233923392339233923223822382293933822382238776177617761776177617761
213721372193933721372137000000000000777777777777999999999999244024402493934024402440868686868686868686868686878787878793938787878787888888888888888888888888
3721372193939393372137210939393000000007777777777779939393939393939393939402440939393932493244024869393939393938686868686879393878793938787939387888888888888888888888888
213721379393939321372137093939300000000777777777777993999993939393939244093939393934093932440869393939393938686938686879393938793938793939387888888888888888888888888
3721372193939393372137210939393000000007777793937777799399393993939393939409393939393939393939324869393939393938686868686879393938793938793939387888888888888888888888888
213721379393939321372137000009393000007777793937777799993939999999249393939393939393939340869393939393938686868686878787878793938787878787888888888888888888888888
3721372193939393939393939393939393939393939393939393939393939393939393939393939393939399999409393939393939393939324869393939393938693939393939393939393939393939393939393939393939388888888
2137213793939393939393939393939393939393939393939393939393939393939393939393939393939399999249393939393939393939340869393939393938693939393939393939393939393939393939393939393939388888888
372137219393939337213721000009393000007937777777777999999393939999409393939393939393939324869393939393938693938686878787878793938787878787888888888893939388888888
213721372193933721372137000093939393000077793939377777799999939399999249393939393939393939340869393939393938693939386879393938793938793939387888888888893939388888888
37213721379393213721372100093939393939300077793939377777799999939399999402493934093939393934024869393939393938693939386879393938793938793939387888888888893939388888888
213721372193933721372137000093939393000077793939377777799999939399999244024932493939393402440869393939393938693939386879393938793938793939387888888888893939388888888
37213721379393213721372100000000000077777777777799999939399999402440244093932440244024868686868686868686868686879393938793938793939387888888888893939388888888
0000093930000033333333333311111111111122222939322222412541254193932541254125868686868686868686868686879393938793938793939387888888888893939388888888
000009393093939303333333393939331111119393939393122222939322222254125932593939393412541869393939393938693868686879393938793938793939387889494949494949494949488
000009393093939303333333393939331111119393939393122222939322222412593934193939393934125869393939393938686938686879393938793938793939387889393939393939393939388
000009393093939303333333393939331119393193939393931222293939322222259393939393939393939341869393939393938686868686879393938793938793939387889393939393939393939388
0000093930000033333393333331119393111939393122222939322222419393939393939393939325869393939393938686868686878787878793938787878787888888888888888888888888
00000939300000333339393939393939393939393939393193939312229494939322222259393939393939393939341869393939393938693939393939393939393939393939393939393939393938893939388
00000939300000333339393939393939393939393939393111112229494939322222419393939393939393939325869393939393938693939393939393939393939393939393939393939393938893939388
00000939300000333939393933333311111939393111122222939322222259393939393939393939341869393939393938693938686878787878793938787878787888888888893938888888888
0939393093930000033393939393393939331939393193931111122222939329393932419393939393939393939325869393939393938693939386879393938793938793939387889393939393939393939388
09393930939300000333339393393939331939393193931111122222939329393932254193939393934193932541869393939393938693939386879393938793938793939387889393939393939393939388
09393930939300000333339393393939331939393193931111122222939329393932412541939393932593254125869393939393938693939386879393938793938793939387889393939393939393939388
00000939300000333339393333331111193931111122222939322222254125412593934125412541868686868686868686868686879393938793938793939387888888888888888888888888
44444939344444555559393555556666693936666688888939388888101110111093931110111011868686868686868686868686879393938793938793939387888888888888888888888888
444449393493939345555939393593939356666693936939393688888939388888111011109393939311101110869393939393938686868686879393938793938793939387889393939388938893889388
44444939349393934555559393593939356666693936939393688888939388888101110939393939393111011869393939393938686938686879393938793938793939387888888888888938888889388
444449393493939345555593935939393566693939393693939368888893939393888111093939310119393931110869393939393938693869386879393938793938793939387889393889393939393889388
444939393934939393455555939355555666939393936666688938893939393888101193939311109393931011869393939393938686868686878787878793938787878787889393889393939393889388
44493939393444445555593935555566666939393939393939393939393939388888111011939393939393101110869393939393938693939393939393939393939393939393939393889393939393889388
44444939393939393939393939393939359393935939393936939393939393939393939393939388888101110119393939310111011869393939393938693939393939393939393939393939393939393889393939393889388
4444493939393939393939393939393935939393593939393666666936888888888888111011101193931011101110869393939393938693938686878787878793938787878787889393889393939393889388
49393934449344445559393555939393593939393666666668939393939393939393938109393939393939393939311869393939393938693939386879393938793938793939387889393889393939393889388
493939344444444555939359393939393593939393666666668939393939393939393938111011101193931011101110869393939393938693939386879393938793938793939387889393939393888888888888
4939393444444445555559393939393593939393666666668939393939393939393938101110111093931110111011869393939393938693939386879393938793938793939387889393939393889393939388
444444444444555555555555666666666666888888888888111011101193931011101110868686868686868686868686879393938793938793939387888888888888888888888888
666666666666666666666666686768676867686768676867706970697069706970697069717271727172717271727172646564656493936564656465868686868686868686868686879393938793938793939387888888888888888888888888
666666939366666666666666676867686768676867686768697069706970697069706970729393939371727172717271656465646593939393936564869393939393938693869386879393938793938793939387889393939393889388939388
666693939393666666666666686768939393939393676867706970697069706970697069719393939393937271727172646564656493939393936465869393939393938686938686879393938793938793939387889393939393888888939388
666693939393666666666666676893939393939393936768697069706970697069706970729393939393937172717271656465646564659393936564868686939393938686869386879393938793938793939387889393889393939393939388
666666939366666666666666689393939367689393939367706970697069706970697069717293937193937271727172646593939365649393936465869393939393938686868686878787878793938787878787889393889393939393939388
666666939366666666939393939393936793936893939393939369706993939393939393939393937293937193939393939393939364659393936564869393939393938693939393939393939393939393939393939393889393939393939388
666666939366666666939393939393936893686793939393939393939393936970939393939393937193937293939393939393939365649393656465869393939393938693939393939393939393939393939393939393889393939393939388
666666666666666666666666679393939368676893936768699393939393939393936970727172717293937193937271656493939364659393646564869393939393938693938686878787878787878787878787888888889393939393939388
666666939366666666666666686793939393939368939367706970697093939393937069717271729393939393937172646564939365649393656465869393939393938693939386879393939393939393939387889393889393939393939388
666693939393666666666666676867939393939393689368697069706970699393706970727172719393939393937271656465939393939393646564869393939393938693939386879393939393939393939387889393889393888888939388
666666939366666666666666686768676867686793939367706970697069706970697069717271727193937271727172646564939393939393656465869393939393938693939386879393939393939393939387889393889393889388939388
666666666666666666666666676867686768676867686768697069706970697069706970727172717271727172717271656465646564656465646564868686868686868686868686878787878787878787878787888888888888888888888888
